2326 0
2327 0
2328 0
2329 0
2330 0
2331 0
2332 0
2333 0
2334 0
2335 0
2336 0
2337 0
2338 0
2339 0
2340 0
2341 0
2342 0
2343 0
2344 0
2345 0
2346 0
2347 0
2348 0
2349 0
2350 0
2351 0
2352 0
2353 0
2354 0
2355 0
2356 0
2357 0
2358 0
2359 0
2360 0
2361 0
2362 0
2363 0
2364 0
2365 0
2366 0
2367 0
2368 0
2369 0
2370 0
2371 0
2372 0
2373 0
2374 0
2375 0
2376 0
2377 0
2378 0
2379 0
2380 0
2381 0
2382 0
2383 0
2384 0
2385 0
2386 0
2387 0
2388 0
2389 0
2390 0
2391 0
2392 0
2393 0
2394 0
2395 0
2396 0
2397 0
2398 0
2399 0
2400 0
2401 0
2402 0
2403 0
2404 0
2405 0
2406 0
2407 0
2408 0
2409 0
2410 0
2411 0
2412 0
2413 0
2414 0
2415 0
2416 0
2417 0
2418 0
2419 0
2420 0
2421 0
2422 0
2423 0
2424 0
2425 0
2426 0
2427 0
2428 0
2429 0
2430 0
2431 0
2432 0
2433 0
2434 0
2435 0
2436 0
2437 0
2438 0
2439 0
2440 0
2441 0
2442 0
2443 0
2444 0
2445 0
2446 0
2447 0
2448 0
2449 0
2450 0
2451 0
2452 0
2453 0
2454 0
2455 0
2456 0
2457 0
2458 0
2459 0
2460 0
2461 0
2462 0
2463 0
2464 0
2465 0
2466 0
2467 0
2468 0
2469 0
2470 0
2471 0
2472 0
2473 0
2474 0
2475 0
2476 0
2477 0
2478 0
2479 0
2480 0
2481 0
2482 0
2483 0
2484 0
2485 0
2486 0
2487 0
2488 0
2489 0
2490 0
2491 0
2492 0
2493 0
2494 0
2495 0
2496 0
2497 0
2498 0
2499 0
2500 0
2501 0
2502 0
2503 0
2504 0
2505 0
2506 0
2507 0
2508 0
2509 0
2510 0
2511 0
2512 0
2513 0
2514 0
2515 0
2516 0
2517 0
2518 0
2519 0
2520 0
2521 0
2522 0
2523 0
2524 0
2525 0
2526 0
2527 0
2528 0
2529 0
2530 0
2531 0
2532 0
2533 0
2534 0
2535 0
2536 0
2537 0
2538 0
2539 0
2540 0
2541 0
2542 0
2543 0
2544 0
2545 0
2546 1
2547 0
2548 0
2549 0
2550 0
2551 0
2552 0
2553 0
2554 0
2555 0
2556 0
2557 0
2558 0
2559 0
2560 0
2561 0
2562 0
2563 0
2564 0
2565 0
2566 0
2567 0
2568 0
2569 0
2570 0
2571 0
2572 0
2573 0
2574 0
2575 0
2576 0
2577 0
2578 0
2579 0
2580 0
2581 0
2582 0
2583 0
2584 0
2585 0
2586 0
2587 0
2588 0
2589 0
2590 0
2591 0
2592 0
2593 0
2594 0
2595 0
2596 0
2597 0
2598 0
2599 0
2600 0
2601 0
2602 0
2603 0
2604 0
2605 0
2606 0
2607 0
2608 0
2609 0
2610 0
2611 0
2612 0
2613 0
2614 0
2615 0
2616 0
2617 0
2618 0
2619 0
2620 0
2621 0
2622 0
2623 0
2624 0
2625 0
2626 0
2627 0
2628 0
2629 0
2630 0
2631 0
2632 0
2633 0
2634 0
2635 0
2636 0
2637 0
2638 0
2639 0
2640 0
2641 0
2642 0
2643 0
2644 0
2645 0
2646 0
2647 0
2648 0
2649 0
2650 0
2651 0
2652 0
2653 0
2654 0
2655 0
2656 0
2657 0
2658 0
2659 0
2660 0
2661 0
2662 0
2663 0
2664 0
2665 0
2666 0
2667 0
2668 0
2669 0
2670 0
2671 0
2672 0
2673 0
2674 0
2675 0
2676 0
2677 0
2678 0
2679 0
2680 0
2681 0
2682 0
2683 0
2684 0
2685 0
2686 0
2687 0
2688 0
2689 0
2690 0
2691 0
2692 0
2693 8
2694 0
2695 0
2696 0
2697 2
2698 21
2699 11
2700 34
2701 18
2702 0
2703 0
2704 9
2705 4
2706 0
2707 0
2708 5
2709 14
2710 0
2711 4
2712 37
2713 0
2714 0
2715 0
2716 0
2717 0
2718 0
2719 0
2720 0
2721 0
2722 0
2723 0
2724 0
2725 4
2726 0
2727 0
2728 1
2729 0
2730 0
2731 0
2733 0
2734 0
2735 0
2736 0
2737 0
2738 0
2739 0
2740 0
2741 0
2742 2
2743 0
2744 0
2745 0
2746 2
2747 0
2748 0
2749 3
2750 1
2751 0
2752 1
2753 0
2754 0
2755 0
2756 0
2757 0
2758 0
2759 0
2760 0
2761 0
2762 0
2763 0
2764 0
2765 0
2766 0
2767 0
2768 0
2769 0
2770 0
2771 0
2772 0
2774 0
2775 8
2776 25
2777 0
2778 0
2779 0
2780 0
2781 0
2782 13
2783 0
2784 0
2785 0
2786 0
2787 0
2788 0
2789 0
2790 0
2791 0
2792 1
2793 0
2794 2
2795 0
2796 0
2797 1
2798 3
2799 0
2800 5
2801 4
2802 0
2803 17
2804 32
2805 0
2806 0
2807 1
2808 0
2809 0
2810 0
2811 0
2812 0
2813 0
2814 0
2815 25
2816 0
2817 0
2818 0
2819 5
2820 0
2821 0
2822 0
2823 2
2824 4
2825 0
2826 0
2827 0
2828 0
2829 5
2830 0
2831 0
2832 61
2833 15
2834 0
2835 0
2836 12
2837 0
2838 56
2839 0
2840 7
2841 77
2842 0
2843 1
2844 35
2845 0
2846 0
2847 0
2848 1
2849 5
2850 0
2851 0
2852 5
2853 0
2854 0
2855 8
2856 0
2857 0
2858 1
2859 5
2860 0
2861 0
2862 0
2863 0
2864 0
2865 2
2866 3
2867 24
2868 2
2869 4
2870 14
2871 0
2872 0
2873 0
2874 0
2875 0
2876 2
2877 0
2878 6
2879 19
2880 2
2881 0
2882 0
2883 94
2884 0
2885 4
2886 0
2887 9
2888 7
2889 7
2890 134
2891 0
2892 0
2893 0
2894 0
2895 0
2896 1
2897 6
2898 3
2899 24
2900 8
2901 0
2902 0
2904 12
2905 0
2906 0
2907 2
2908 0
2909 0
2910 11
2911 0
2912 0
2913 0
2914 25
2916 0
2917 0
2918 3
2919 46
2920 2
2921 5
2922 91
2923 28
2924 17
2925 0
2926 15
2927 26
2928 0
2929 0
2930 0
2931 75
2932 8
2933 5
2934 30
2935 0
2936 0
2937 12
2938 2
2939 1
2940 10
2941 0
2942 0
2943 10
2944 21
2945 30
2946 0
2947 0
2948 0
2949 2
2950 39
2951 0
2952 28
2953 16
2954 52
2955 4
2956 17
2957 29
2958 32
2959 40
2960 0
2961 8
2962 17
2963 28
2964 4
2965 5
2966 0
2967 45
2968 22
2969 0
2970 11
2971 116
2972 1
2973 75
2974 171
2976 0
2977 14
2978 0
2979 0
2980 0
2981 38
2982 0
2983 0
2984 1
2985 0
2986 0
2987 0
2988 1
2989 2
2990 0
2991 0
2992 0
2993 8
2994 29
2995 0
2996 26
2997 0
2998 34
2999 0
3000 0
3001 0
3002 60
3003 8
3004 0
3005 11
3006 0
3007 0
3008 0
3009 20
3010 21
3011 79
3012 0
3013 0
3014 0
3015 0
3016 0
3017 2
3018 20
3019 0
3020 4
3021 0
3022 0
3023 0
3024 0
3025 0
3026 0
3027 0
3028 0
3029 0
3030 0
3031 22
3032 1
3033 50
3034 6
3035 4
3036 2
3037 0
3038 0
3039 29
3040 0
3041 8
3042 0
3043 4
3044 33
3045 0
3046 19
3047 0
3048 9
3049 10
3050 27
3051 0
3052 0
3053 115
3054 150
3055 7
3056 0
3057 2
3058 0
3059 0
3060 0
3061 0
3062 8
3063 0
3064 0
3065 39
3066 0
3067 0
3068 0
3069 0
