3387 551
3388 19
3389 72
3390 123
3391 81
3392 88
3393 286
3394 2
3395 18
3396 24
3397 29
3398 6
3399 34
3400 36
3401 14
3402 19
3403 11
3404 20
3405 37
3406 27
3407 17
3408 68
3409 0
3410 0
3411 0
3412 0
3413 0
3414 0
3415 0
3416 0
3417 0
3418 0
3419 0
3420 2
3421 20
3422 0
3423 12
3424 81
3425 19
3426 0
3427 19
3428 8
3429 15
3430 5
3431 91
3432 0
3433 1
3434 1
3435 2
3436 0
3437 2
3438 0
3439 8
3440 0
3441 0
3442 1
3443 0
3444 0
3445 0
3446 0
3447 0
3448 0
3449 0
3450 1
3451 1
3452 1
3453 0
3454 0
3455 1
3456 0
3457 0
3458 1
3459 0
3460 0
3461 0
3462 0
3463 12
3464 3
3465 0
3466 0
3467 2
3468 0
3469 0
3470 0
3471 0
3472 0
3473 1
3474 1
3475 1
3476 7
3477 2
3479 0
3480 0
3481 0
3482 2
3483 0
3484 0
3485 4
3486 0
3487 18
3488 0
3489 0
3490 1
3491 0
3492 8
3493 4
3494 2
3495 0
3496 2
3497 3
3498 1
3499 0
3500 0
3501 0
3502 86
3503 13
3504 0
3505 0
3506 15
3507 3
3508 0
3509 1
3510 28
3511 0
3512 1
3513 5
3514 3
3515 18
3516 0
3517 3
3518 5
3519 15
3520 0
3521 27
3522 0
3523 0
3524 0
3525 1
3526 7
3527 0
3528 0
3529 23
3530 0
3531 0
3532 0
3533 2
3534 0
3535 25
3536 0
3537 0
3538 4
3539 2
3540 2
3541 1
3542 5
3543 27
3544 0
3545 0
3546 1
3547 0
3548 0
3549 1
3550 0
3551 0
3552 0
3553 4
3554 0
3555 76
3556 3
3557 1
3558 1
3559 0
3560 27
3561 15
3562 7
3563 4
3564 7
3565 12
3566 1
3567 13
3568 3
3569 0
3570 0
3571 0
3572 10
3573 0
3574 0
3575 0
3576 0
3577 0
3578 0
3579 1
3580 0
3581 0
3582 0
3583 0
3584 0
3585 36
3586 3
3587 5
3588 0
3589 0
3590 0
3591 0
3592 4
3593 0
3594 73
3595 0
3596 0
3597 1
3598 0
3599 0
3600 0
3601 0
3602 0
3603 4
3604 1
3605 17
3606 5
3607 0
3608 0
3609 4
3610 3
3611 20
3612 5
3613 0
3614 33
3615 0
3616 0
3617 0
3618 0
3619 16
3620 26
3621 80
3622 20
3623 2
3624 1
3625 80
3626 1
3627 0
3628 39
3629 32
3630 37
3631 58
3632 208
3633 0
3634 0
3635 0
3636 0
3637 17
3638 28
3639 33
3640 2
3641 6
3642 4
3643 0
3644 10
3645 1
3646 22
3647 28
3648 35
3649 0
3650 0
3651 0
3652 37
3653 103
3654 30
3655 0
3656 54
3657 34
3658 56
3659 0
3660 15
3661 0
3662 1
3663 11
3664 0
3665 92
3667 48
3669 1
3670 0
3671 0
3672 0
3673 0
3674 0
3675 0
3676 0
3677 0
3678 0
3679 2
3680 0
3681 6
3682 61
3683 0
3684 7
3685 0
3686 0
3687 10
3688 8
3689 7
3690 6
3691 55
3692 0
3693 0
3694 60
3695 0
3696 28
3697 31
3698 7
3699 4
3700 212
3701 0
3702 7
3703 0
3704 18
3705 9
3706 0
3707 14
3708 63
3709 0
3710 40
3711 1
3712 9
3713 5
3715 0
3716 0
3717 12
3718 5
3720 6
3721 17
3722 1
3723 37
3724 40
3725 34
3726 52
3727 22
3728 31
3730 0
3731 0
3732 0
3733 0
3734 0
3735 0
3736 0
3737 0
3738 0
3739 0
3740 0
3741 0
3742 0
3743 0
3744 0
3745 0
3746 0
3747 0
3748 0
3749 0
3750 0
3751 0
3752 0
3753 0
3754 0
3755 0
3756 0
3757 0
3758 0
3759 0
3760 0
3762 0
3763 0
3765 0
3766 0
3767 0
3768 2
3769 0
3771 0
3772 3
3773 0
3774 0
3776 0
3777 1
3778 0
3779 2
3780 0
3781 0
3782 0
3783 0
3784 0
3785 0
3786 2
3787 0
3788 0
3789 0
3790 0
3791 0
3792 0
3793 0
3794 0
3795 1
3796 0
3797 2
3798 0
3799 0
3800 0
3801 0
3802 0
3803 0
3804 0
3805 6
3806 2
3807 0
3808 0
3809 4
3810 0
3811 0
3812 0
3813 0
3814 0
3815 0
3816 0
3817 0
3818 0
3819 0
3820 1
3821 0
3822 0
3823 0
3824 0
3825 0
3826 1
3827 0
3828 0
3829 0
3830 0
3831 0
3832 0
3833 1
3834 5
3835 0
3837 0
3838 0
3839 0
3840 0
3841 0
3842 0
3843 0
3844 0
3846 0
3847 0
3848 0
3849 2
3850 2
3851 0
3852 0
3853 0
3854 0
3855 0
3856 0
3857 0
3858 0
3859 0
3860 0
3861 0
3862 0
3863 0
3864 0
3865 0
3866 0
3867 0
3868 0
3869 0
3871 0
3872 0
3873 0
3875 0
3876 0
3877 5
3879 0
3880 0
3882 0
3883 0
3884 0
3885 112
3886 0
3887 1
3888 0
3889 0
3890 0
3891 0
3892 2
3893 1
3894 41
3895 0
3896 0
3897 0
3898 0
3899 0
3900 0
3901 0
3902 0
3903 0
3904 0
3905 23
3906 0
3907 1
3908 5
3909 0
3910 0
3911 0
3912 0
3913 0
3914 1
3915 7
3916 0
3917 1
3918 0
3919 35
3920 114
3921 0
3922 0
3923 5
3924 123
3925 3
3926 6
3927 1
3928 0
3929 0
3930 0
3931 0
3932 81
3933 0
3934 0
3935 102
3936 18
3937 139
3938 2
3939 136
3940 194
3941 0
3942 0
3943 3
3944 0
3945 18
3946 39
3947 1
3948 0
3949 3
3950 6
3951 2
3952 4
3953 2
3954 8
3955 0
3956 21
3957 1
3958 27
3959 3
3960 1
3961 6
3962 0
3963 13
3964 0
3965 0
3966 60
3967 23
3968 65
3969 0
3970 16
3971 150
3972 11
3973 15
3974 19
3975 97
3976 0
3977 0
3978 71
3979 0
3981 641
3982 21
3983 11
3985 18
3986 0
3987 8
3988 0
3989 0
3990 0
3991 0
3992 2
3993 1
3994 0
3995 0
3996 0
3997 0
3998 0
3999 5
4000 5
4001 0
4002 10
4003 0
4004 7
4005 6
4006 9
4007 0
4008 0
4009 27
4010 2
4011 69
4012 0
4013 0
4014 0
4015 0
4016 18
4017 3
4018 2
4019 16
4020 11
4021 0
4022 0
4023 4
4024 0
4025 2
4026 1
4027 1
4028 9
4029 5
4030 10
4031 3
4032 4
4033 4
4034 2
4035 29
4036 0
4037 51
4038 0
4039 0
4040 13
4041 1
4042 4
4043 54
4044 59
4045 0
4046 0
4047 0
4048 0
4049 0
4050 0
4051 0
4052 0
4053 23
4054 0
4055 31
4056 0
4057 40
4058 4
4059 0
4060 32
4061 8
4062 15
4063 21
4064 11
4065 5
4066 14
4067 32
4068 143
4069 0
4070 4
4071 1
4072 65
4073 0
4074 0
4075 0
4076 0
4077 0
4078 0
4079 7
4080 14
4081 7
4082 1
4083 26
4084 26
4085 7
4086 31
4087 0
4088 1
4089 0
4090 7
4091 0
4092 0
4093 0
4094 76
4095 144
4096 80
4097 50
4098 0
4099 339
4100 0
4101 0
4103 2
4104 1
4105 1
4106 4
4107 70
4108 7
4109 148
4110 9
4111 47
4112 28
4113 49
4114 156
4116 0
4117 0
4118 29
4119 43
4120 1
4121 12
4122 0
4123 0
4124 5
4125 0
4126 0
4127 13
4128 0
4129 11
4130 0
4131 18
4132 17
4133 11
4134 5
4135 80
4136 0
4137 30
4138 0
4139 68
4140 0
4141 14
4142 46
