4143 12
4144 79
4145 16
4146 1
4147 39
4148 0
4149 13
4150 73
4151 0
4152 48
4153 6
4154 84
4155 54
4156 0
4157 83
4158 46
4159 196
4160 248
4161 0
4162 0
4163 0
4164 0
4165 0
4166 0
4167 0
4168 0
4169 4
4170 11
4171 10
4172 166
4173 0
4174 0
4175 42
4176 4
4177 6
4178 33
4179 9
4180 5
4181 2
4182 5
4183 67
4184 12
4185 15
4186 0
4187 11
4188 6
4189 46
4190 72
4191 160
4192 135
4194 17
4195 0
4196 5
4197 14
4198 4
4200 26
4201 27
4202 17
4203 0
4204 119
4205 0
4206 0
4207 66
4208 4
4209 0
4210 2
4211 9
4212 0
4213 13
4214 55
4215 6
4216 0
4217 202
4218 0
4220 0
4221 4
4222 17
4223 130
4224 97
4225 0
4226 8
4227 5
4228 11
4229 2
4230 73
4231 0
4232 14
4233 4
4234 29
4235 50
4236 1
4237 1
4238 5
4239 1
4240 2
4241 0
4242 2
4243 101
4244 5
4245 7
4247 3
4248 122
4249 2
4250 13
4251 2
4252 48
4253 80
4254 81
4255 101
4256 44
4258 4
4259 0
4260 10
4261 322
4262 69
4263 5
4264 65
4265 12
4266 22
4267 24
4268 102
4269 1
4270 1
4271 12
4272 76
4273 77
4274 115
4275 92
4276 64
4278 23
4279 88
4280 115
4282 0
4283 227
4284 0
4285 0
4286 0
4287 0
4288 0
4289 3
4290 0
4291 0
4292 3
4293 0
4294 0
4295 0
4296 2
4297 3
4298 7
4299 0
4300 0
4301 0
4302 0
4303 2
4304 31
4305 27
4306 0
4307 16
4308 20
4309 13
4310 57
4311 8
4312 71
4313 66
4314 84
4315 17
4316 0
4317 39
4318 10
4319 97
4320 0
4321 0
4322 3
4323 0
4324 1
4325 1
4326 12
4327 0
4328 7
4329 0
4330 0
4331 0
4332 0
4334 5
4335 1
4336 22
4337 2
4338 15
4339 2
4340 47
4341 9
4342 7
4343 1
4344 0
4345 10
4346 0
4347 0
4348 0
4349 0
4350 0
4351 2
4352 0
4353 0
4354 162
4355 28
4356 6
4357 288
4358 279
4359 593
4360 365
4361 1
4362 100
4363 0
4364 2593
4365 0
4366 0
4367 0
4368 0
4369 0
4370 1
4371 0
4372 0
4373 0
4374 0
4375 0
4376 0
4377 0
4378 2
4379 1
4380 0
4381 0
4382 1
4383 2
4384 0
4385 0
4386 0
4387 0
4388 0
4389 10
4390 1
4391 0
4392 3
4393 0
4394 11
4395 0
4396 1
4397 0
4398 3
4399 0
4400 1
4401 1
4402 1
4403 1
4405 0
4406 0
4407 6
4408 0
4409 11
4410 7
4411 36
4412 0
4413 19
4414 1
4415 30
4416 1
4417 2
4419 10
4420 0
4421 2
4422 0
4423 2
4424 17
4425 0
4426 0
4427 0
4428 0
4429 0
4430 15
4431 3
4432 0
4433 8
4434 0
4435 0
4436 34
4437 2
4438 0
4439 3
4440 0
4441 0
4442 0
4443 0
4444 0
4445 10
4446 0
4447 62
4448 0
4449 0
4450 46
4451 11
4452 0
4453 9
4454 6
4455 26
4456 0
4457 281
4458 0
4459 0
4460 0
4461 0
4462 0
4463 0
4464 0
4465 0
4466 13
4467 0
4468 0
4469 0
4470 2
4471 1
4472 0
4473 0
4474 2
4475 2
4476 2
4478 0
4479 0
4480 0
4481 4
4482 25
4483 4
4484 4
4485 1
4486 0
4487 0
4488 0
4489 0
4490 1
4491 21
4492 0
4494 0
4495 0
4496 0
4497 2
4498 76
4499 2
4500 0
4501 0
4502 148
4503 128
4504 0
4505 1
4506 3
4507 0
4508 0
4509 1
4510 2
4511 0
4512 2
4514 16
4515 0
4516 0
4517 1
4518 0
4519 3
4520 0
4521 0
4522 1
4523 11
4524 54
4525 17
4526 0
4527 0
4528 2
4529 2
4530 0
4531 3
4532 0
4533 6
4534 158
4535 0
4536 1
4537 3
4538 0
4539 8
4540 0
4541 10
4542 259
4543 0
4544 5
4545 0
4546 0
4547 0
4548 6
4549 0
4550 7
4551 3
4552 106
4553 0
4554 0
4555 0
4556 1
4557 21
4558 0
4559 15
4560 28
4561 7
4562 0
4563 19
4564 0
4565 0
4566 0
4567 0
4568 13
4569 0
4570 137
4571 0
4572 10
4573 2
4574 13
4575 17
4576 10
4577 9
4578 75
4579 0
4580 0
4581 8
4582 51
4583 1
4584 13
4585 326
4586 475
4587 508
4588 345
4590 0
4591 0
4592 0
4593 1
4594 0
4595 0
4596 0
4597 0
4598 0
4599 0
4600 29
4601 0
4602 0
4603 0
4604 0
4605 0
4606 0
4607 0
4608 0
4609 0
4610 0
4611 1
4612 0
4613 0
4614 0
4615 0
4616 0
4617 0
4618 0
4619 0
4620 0
4621 0
4622 0
4623 0
4624 6
4625 0
4626 1
4627 0
4628 4
4629 5
4630 2
4631 28
4632 0
4633 1
4634 4
4635 0
4636 3
4637 5
4638 1
4639 0
4640 0
4641 0
4642 0
4643 1
4644 0
4645 4
4646 0
4647 0
4648 0
4649 0
4650 2
4651 8
4652 51
4653 6
4654 0
4655 0
4656 1
4657 1
4658 2
4659 19
4660 4
4661 18
4663 0
4664 0
4665 0
4666 0
4667 0
4668 0
4669 0
4670 0
4671 0
4672 0
4673 0
4674 0
4675 0
4676 0
4677 0
4678 0
4679 0
4680 0
4681 0
4682 4
4683 0
4684 1
4685 0
4686 0
4687 0
4688 0
4689 0
4690 0
4691 0
4692 0
4693 0
4694 1
4695 0
4696 0
4697 0
4698 0
4699 0
4700 0
4701 1
4702 0
4703 7
4704 0
4705 1
4706 0
4707 0
4708 2
4709 0
4710 1
4711 0
4712 27
4713 39
4714 14
4715 15
4716 8
4717 81
4718 16
4719 37
4720 9
4721 7
4722 11
4723 38
4724 0
4725 3
4726 0
4727 5
4728 66
4729 1
4730 6
4731 1
4732 23
4733 0
4734 0
