3071 0
3072 0
3073 0
3074 1
3075 0
3076 0
3077 0
3078 0
3079 7
3080 0
3081 9
3082 77
3083 2
3084 50
3085 2
3086 148
3087 0
3088 0
3089 0
3090 0
3091 0
3092 0
3093 6
3094 0
3095 0
3096 12
3097 0
3098 1
3099 0
3100 0
3101 3
3102 0
3103 0
3104 0
3105 0
3106 0
3107 0
3108 0
3109 0
3110 0
3111 0
3112 0
3113 1
3114 0
3115 0
3116 4
3117 0
3118 0
3119 1
3120 64
3121 0
3122 0
3123 119
3124 0
3125 60
3126 2
3127 29
3128 0
3129 11
3130 24
3131 657
3132 1
3133 0
3134 0
3135 4
3136 0
3137 0
3138 1
3139 0
3140 0
3141 0
3142 0
3143 0
3144 5
3145 0
3146 0
3147 0
3148 0
3149 1
3150 0
3151 1
3152 0
3153 1
3154 0
3155 0
3156 0
3157 0
3158 0
3159 1
3160 0
3161 13
3162 1
3163 0
3164 0
3165 4
3166 0
3167 0
3168 0
3169 0
3170 0
3171 0
3172 6
3173 0
3174 1
3175 0
3176 13
3177 0
3178 0
3179 1
3180 0
3181 1
3182 1
3183 2
3184 0
3185 0
3186 0
3187 2
3188 2
3189 4
3190 0
3191 0
3192 0
3193 0
3194 4
3195 3
3196 6
3198 2
3199 3
3200 0
3202 0
3203 0
3204 0
3205 0
3206 0
3207 0
3208 0
3209 0
3210 0
3211 0
3212 0
3213 0
3214 0
3215 0
3216 0
3217 0
3218 0
3219 0
3220 0
3221 0
3222 0
3223 0
3224 0
3225 0
3226 0
3227 0
3228 0
3229 21
3230 18
3231 43
3232 46
3233 3
3235 0
3236 0
3237 2
3238 1
3239 0
3240 0
3241 0
3242 0
3243 1
3244 0
3245 0
3246 0
3247 0
3248 0
3249 0
3250 0
3251 0
3252 0
3253 0
3254 1
3255 0
3256 0
3257 4
3258 0
3259 1
3260 0
3261 0
3263 0
3264 5
3265 0
3266 0
3267 0
3268 0
3269 1
3270 4
3271 1
3272 0
3273 0
3275 0
3276 0
3278 0
3279 1
3280 0
3282 0
3283 54
3284 0
3285 4
3286 27
3287 0
3288 0
3289 1
3290 0
3291 0
3292 0
3293 34
3294 0
3295 0
3296 1
3298 0
3299 0
3300 2
3301 7
3302 0
3303 0
3304 0
3305 5
3306 2
3307 13
3308 0
3309 0
3310 0
3311 0
3312 3
3313 7
3314 0
3315 2
3316 68
3317 18
3318 0
3319 10
3320 0
3321 0
3322 14
3323 0
3324 0
3325 24
3326 20
3327 10
3328 89
3329 0
3330 28
3331 36
3332 0
3333 0
3334 26
3335 35
3336 194
3337 0
3338 171
3339 23
3341 8
3342 0
3343 0
3344 4
3345 0
3346 9
3347 5
3348 13
3349 0
3350 1
3351 11
3352 0
3353 0
3354 10
3355 0
3356 5
3357 0
3358 0
3359 9
3360 6
3361 1
3362 0
3363 0
3364 10
3365 67
3366 0
3367 0
3368 16
3369 92
3370 30
3371 19
3372 164
3373 86
3374 599
3375 0
3376 1
3377 0
3378 31
3379 7
3380 8
3381 116
3383 0
3384 59
3385 0
3386 198
