4735 14
4736 0
4737 0
4738 9
4739 0
4740 12
4741 0
4742 0
4743 0
4744 8
4745 0
4746 5
4747 21
4748 9
4749 3
4750 17
4751 1
4752 0
4753 5
4754 0
4755 0
4756 23
4757 3
4758 28
4759 1
4760 41
4761 0
4762 33
4763 43
4764 46
4765 42
4767 0
4768 8
4769 0
4770 1
4771 2
4772 17
4773 11
4774 28
4775 5
4776 111
4777 28
4778 21
4779 105
4780 12
4781 241
4782 0
4783 47
4784 42
4785 13
4786 14
4787 3
4788 13
4789 1
4790 4
4791 1
4792 56
4793 0
4794 21
4795 3
4796 195
4797 8
4798 168
4799 30
4800 20
4801 251
4802 22
4803 81
4804 0
4805 17
4806 7
4807 54
4808 0
4809 185
4810 19
4811 10
4812 7
4813 0
4814 50
4815 57
4816 72
4817 27
4818 0
4820 0
4821 79
4822 27
4823 3
4824 33
4825 12
4826 77
4827 24
4828 61
4829 160
4830 4
4831 55
4832 89
4833 99
4834 21
4835 109
4836 44
4837 45
4838 24
4839 93
4840 55
4841 199
4842 112
4843 39
4845 4
4846 0
4847 16
4848 4
4849 0
4850 19
4851 0
4852 0
4853 5
4854 0
4855 3
4856 0
4857 14
4858 28
4859 0
4860 0
4861 0
4862 243
4863 1
4864 2
4865 11
4866 0
4867 8
4868 0
4869 0
4870 0
4871 2
4872 207
4873 53
4874 58
4875 384
4877 0
4878 0
4879 2
4880 0
4881 6
4882 5
4883 0
4884 2
4885 0
4886 0
4887 0
4888 4
4889 14
4890 2
4892 0
4893 1
4894 0
4895 0
4896 4
4897 4
4898 0
4899 0
4900 16
4901 0
4902 5
4903 0
4904 6
4905 21
4906 0
4908 0
4909 3
4910 2
4911 0
4912 0
4913 0
4914 0
4915 12
4916 58
4917 0
4918 0
4919 0
4920 0
4921 0
4922 0
4923 10
4924 0
4925 22
4926 0
4927 1
4928 62
4929 0
4930 0
4931 0
4932 0
4933 969
4934 10
4935 54
4937 0
4938 0
4939 32
4940 0
4941 0
4943 0
4944 2
4945 0
4946 5
4947 1
4948 5
4949 6
4950 0
4951 4
4952 63
4953 6
4954 1
4955 10
4956 4
4958 0
4959 0
4960 0
4961 2
4962 0
4963 0
4964 6
4965 0
4966 0
4967 15
4968 0
4969 0
4970 0
4971 0
4972 0
4973 8
4974 7
4975 8
4976 0
4977 0
4978 276
4979 0
4980 326
4981 0
4982 40
4983 0
4984 1
4985 5
4986 3
4987 0
4989 1
4990 0
4991 4
4992 0
4993 585
4994 0
4995 12
4996 10
4998 7
4999 33
5000 301
5001 5
5002 18
5003 1032
5004 45
5006 0
5007 0
5008 23
5009 1
5010 8
5012 0
5013 0
5014 53
5015 1
5016 2
5017 2
5018 0
5019 43
5020 0
5021 0
5022 1
5023 7
5024 28
5025 1
5026 0
5027 0
5028 20
5029 0
5030 0
5031 0
5032 31
5033 1
5034 174
5035 1
5036 2
5037 0
5038 1
5039 1
5040 1715
5041 69
5042 127
5043 398
5045 3
5046 10
5047 10
5048 10
5050 212
5051 78
5052 16
5053 188
5054 134
5055 28
5058 6
5059 42
5060 7
5062 94
5063 32
5064 866
5065 1
5066 0
5067 0
5068 0
5069 0
5070 35
5071 0
5073 0
5074 0
5075 0
5076 5
5078 547
5079 216
5080 214
5081 103
5082 555
5083 264
5085 85
5086 0
5087 0
5088 12
5089 1
5090 19
5091 62
5092 9
5094 0
5095 13
5096 0
5097 2
5098 7
5099 0
5102 2
5103 0
5105 0
5106 4
5107 8
5109 0
5110 1
5114 3
